P2: 2183.375019 0.0 940.590363 0.0 0.0 2329.297332 567.568513 0.0 0.0 0.0 1.0 0.0
P2: 2183.375019 0.0 940.590363 0.0 0.0 2329.297332 567.568513 0.0 0.0 0.0 1.0 0.0
P2: 2183.375019 0.0 940.590363 0.0 0.0 2329.297332 567.568513 0.0 0.0 0.0 1.0 0.0
P2: 2183.375019 0.0 940.590363 0.0 0.0 2329.297332 567.568513 0.0 0.0 0.0 1.0 0.0
R0_rect: 1 0 0 0 1 0 0 0 1
Tr_velo_to_cam: -0.03030349774397828 -1.00458142729985 -0.014115943716385967 -2.256601052723574 -0.22437570965542747 0.0035552292126834464 -0.8538802187818876 5.633608625376564 0.9740701880036601 -0.04242754550762507 -0.203730541714936 1.9350541378597665
Tr_velo_to_cam: -0.03030349774397828 -1.00458142729985 -0.014115943716385967 -2.256601052723574 -0.22437570965542747 0.0035552292126834464 -0.8538802187818876 5.633608625376564 0.9740701880036601 -0.04242754550762507 -0.203730541714936 1.9350541378597665