P2: 2757.839717 0.0 992.437197 0.0 0.0 2899.073935 576.566446 0.0 0.0 0.0 1.0 0.0
P2: 2757.839717 0.0 992.437197 0.0 0.0 2899.073935 576.566446 0.0 0.0 0.0 1.0 0.0
P2: 2757.839717 0.0 992.437197 0.0 0.0 2899.073935 576.566446 0.0 0.0 0.0 1.0 0.0
P2: 2757.839717 0.0 992.437197 0.0 0.0 2899.073935 576.566446 0.0 0.0 0.0 1.0 0.0
R0_rect: 1 0 0 0 1 0 0 0 1
Tr_velo_to_cam: 0.007438236214504291 -0.9987793825345748 0.0033973101819174296 -2.654400296356563 -0.18545815331876273 -0.0016061225554877922 -0.8486371688204063 6.1008711543605605 0.9828008692703378 0.012785829992919598 -0.15783375715452574 0.9742049179614991
Tr_velo_to_cam: 0.007438236214504291 -0.9987793825345748 0.0033973101819174296 -2.654400296356563 -0.18545815331876273 -0.0016061225554877922 -0.8486371688204063 6.1008711543605605 0.9828008692703378 0.012785829992919598 -0.15783375715452574 0.9742049179614991