P2: 2183.375019 0.0 940.590363 0.0 0.0 2329.297332 567.568513 0.0 0.0 0.0 1.0 0.0
P2: 2183.375019 0.0 940.590363 0.0 0.0 2329.297332 567.568513 0.0 0.0 0.0 1.0 0.0
P2: 2183.375019 0.0 940.590363 0.0 0.0 2329.297332 567.568513 0.0 0.0 0.0 1.0 0.0
P2: 2183.375019 0.0 940.590363 0.0 0.0 2329.297332 567.568513 0.0 0.0 0.0 1.0 0.0
R0_rect: 1 0 0 0 1 0 0 0 1
Tr_velo_to_cam: -0.032055018882740136 -0.9974518923884874 0.020551248965447914 -2.190444561668236 -0.2240930139414797 0.002986041494130043 -0.8756800120708629 5.6360862566491905 0.9737455440255373 -0.041678350017788 -0.2023375046787095 1.4163664770754851
Tr_velo_to_cam: -0.032055018882740136 -0.9974518923884874 0.020551248965447914 -2.190444561668236 -0.2240930139414797 0.002986041494130043 -0.8756800120708629 5.6360862566491905 0.9737455440255373 -0.041678350017788 -0.2023375046787095 1.4163664770754851